0S,0C
1421737 730
2009 1
2100 1
1879 1
1843 1
1988 1
1859 1
1895 1
1842 1
1956 1
1819 1
2020 1
1933 1
1858 1
1879 1
1919 1
1962 1
1890 1
2256 1
2253 1
2256 1
2239 1
2281 1
2337 1
2264 1
2240 1
2302 1
2266 1
2298 1
2292 1
2348 1
2310 1
2311 1
2267 1
2497 1
2584 1
2269 1
2254 1
1467 1
1580 1
1522 1
1495 1
1544 1
1497 1
1557 1
1532 1
1557 1
1516 1
1755 1
1842 1
1498 1
1577 1
2000 1
2003 1
1908 1
1841 1
1819 1
1834 1
1920 1
2000 1
2016 1
1845 1
1825 1
1860 1
1885 1
1975 1
1813 1
1887 1
1878 1
1923 1
1814 1
1836 1
1971 1
1880 1
1869 1
1870 1
1831 1
1841 1
1840 1
1855 1
1942 1
1838 1
1828 1
1829 1
1731 1
1780 1
1755 1
1794 1
1797 1
1847 1
1808 1
1758 1
1907 1
2075 1
1825 1
1918 1
1902 1
1819 1
1816 1
1780 1
1865 1
1800 1
1861 1
1778 1
1859 1
1809 1
1913 1
1850 1
1922 1
1811 1
1814 1
1807 1
1777 1
1797 1
1770 1
1847 1
1759 1
1816 1
1845 1
1851 1
1858 1
1984 1
1824 1
1818 1
1780 1
1804 1
1801 1
1760 1
1916 1
1749 1
1802 1
1810 1
1685 1
1737 1
1870 1
1735 1
1717 1
1737 1
1814 1
1801 1
1791 1
1784 1
1788 1
1815 1
1780 1
1880 1
1791 1
1812 1
1761 1
1763 1
1886 1
1782 1
1790 1
1837 1
1795 1
1789 1
1883 1
1856 1
1772 1
1804 1
1722 1
1827 1
1802 1
1760 1
1799 1
1845 1
1834 1
1853 1
1842 1
1809 1
1820 1
1792 1
1796 1
1788 1
1806 1
1798 1
1996 1
2010 1
2089 1
1759 1
1747 1
1773 1
1764 1
1919 1
1855 1
1790 1
1803 1
1828 1
2058 1
1850 1
1786 1
1890 1
1763 1
1798 1
2016 1
2013 1
1765 1
1808 1
2265 1
2265 1
2231 1
2337 1
2247 1
2344 1
2237 1
2286 1
2290 1
2392 1
2260 1
2297 1
2305 1
2358 1
2343 1
2349 1
2270 1
2253 1
2332 1
2498 1
2297 1
2589 1
2425 1
2320 1
2305 1
2252 1
2249 1
1872 1
1285 1
1489 1
1277 1
1267 1
1269 1
1269 1
1258 1
1395 1
1281 1
1253 1
1253 1
1259 1
1285 1
1276 1
1287 1
1287 1
1258 1
1267 1
1277 1
1253 1
1276 1
1287 1
1276 1
1287 1
1253 1
1395 1
1281 1
1285 1
1258 1
1259 1
1269 1
1258 1
1395 1
1281 1
1253 1
